001159
001195
001519
001591
001915
001951
005119
005191
005911
009115
009151
009511
010159
010195
010519
010591
010915
010951
011059
011095
011259
011295
011359
011395
011459
011495
011509
011529
011539
011549
011559
011569
011579
011589
011590
011592
011593
011594
011595
011596
011597
011598
011599
011659
011695
011759
011795
011859
011895
011905
011925
011935
011945
011950
011952
011953
011954
011955
011956
011957
011958
011959
011965
011975
011985
011995
012159
012195
012519
012591
012915
012951
013159
013195
013519
013591
013915
013951
014159
014195
014519
014591
014915
014951
015019
015091
015109
015129
015139
015149
015159
015169
015179
015189
015190
015192
015193
015194
015195
015196
015197
015198
015199
015219
015291
015319
015391
015419
015491
015519
015591
015619
015691
015719
015791
015819
015891
015901
015910
015912
015913
015914
015915
015916
015917
015918
015919
015921
015931
015941
015951
015961
015971
015981
015991
016159
016195
016519
016591
016915
016951
017159
017195
017519
017591
017915
017951
018159
018195
018519
018591
018915
018951
019015
019051
019105
019125
019135
019145
019150
019152
019153
019154
019155
019156
019157
019158
019159
019165
019175
019185
019195
019215
019251
019315
019351
019415
019451
019501
019510
019512
019513
019514
019515
019516
019517
019518
019519
019521
019531
019541
019551
019561
019571
019581
019591
019615
019651
019715
019751
019815
019851
019915
019951
021159
021195
021519
021591
021915
021951
025119
025191
025911
029115
029151
029511
031159
031195
031519
031591
031915
031951
035119
035191
035911
039115
039151
039511
041159
041195
041519
041591
041915
041951
045119
045191
045911
049115
049151
049511
050119
050191
050911
051019
051091
051109
051129
051139
051149
051159
051169
051179
051189
051190
051192
051193
051194
051195
051196
051197
051198
051199
051219
051291
051319
051391
051419
051491
051519
051591
051619
051691
051719
051791
051819
051891
051901
051910
051912
051913
051914
051915
051916
051917
051918
051919
051921
051931
051941
051951
051961
051971
051981
051991
052119
052191
052911
053119
053191
053911
054119
054191
054911
055119
055191
055911
056119
056191
056911
057119
057191
057911
058119
058191
058911
059011
059101
059110
059112
059113
059114
059115
059116
059117
059118
059119
059121
059131
059141
059151
059161
059171
059181
059191
059211
059311
059411
059511
059611
059711
059811
059911
061159
061195
061519
061591
061915
061951
065119
065191
065911
069115
069151
069511
071159
071195
071519
071591
071915
071951
075119
075191
075911
079115
079151
079511
081159
081195
081519
081591
081915
081951
085119
085191
085911
089115
089151
089511
090115
090151
090511
091015
091051
091105
091125
091135
091145
091150
091152
091153
091154
091155
091156
091157
091158
091159
091165
091175
091185
091195
091215
091251
091315
091351
091415
091451
091501
091510
091512
091513
091514
091515
091516
091517
091518
091519
091521
091531
091541
091551
091561
091571
091581
091591
091615
091651
091715
091751
091815
091851
091915
091951
092115
092151
092511
093115
093151
093511
094115
094151
094511
095011
095101
095110
095112
095113
095114
095115
095116
095117
095118
095119
095121
095131
095141
095151
095161
095171
095181
095191
095211
095311
095411
095511
095611
095711
095811
095911
096115
096151
096511
097115
097151
097511
098115
098151
098511
099115
099151
099511
100159
100195
100519
100591
100915
100951
101059
101095
101259
101295
101359
101395
101459
101495
101509
101529
101539
101549
101559
101569
101579
101589
101590
101592
101593
101594
101595
101596
101597
101598
101599
101659
101695
101759
101795
101859
101895
101905
101925
101935
101945
101950
101952
101953
101954
101955
101956
101957
101958
101959
101965
101975
101985
101995
102159
102195
102519
102591
102915
102951
103159
103195
103519
103591
103915
103951
104159
104195
104519
104591
104915
104951
105019
105091
105109
105129
105139
105149
105159
105169
105179
105189
105190
105192
105193
105194
105195
105196
105197
105198
105199
105219
105291
105319
105391
105419
105491
105519
105591
105619
105691
105719
105791
105819
105891
105901
105910
105912
105913
105914
105915
105916
105917
105918
105919
105921
105931
105941
105951
105961
105971
105981
105991
106159
106195
106519
106591
106915
106951
107159
107195
107519
107591
107915
107951
108159
108195
108519
108591
108915
108951
109015
109051
109105
109125
109135
109145
109150
109152
109153
109154
109155
109156
109157
109158
109159
109165
109175
109185
109195
109215
109251
109315
109351
109415
109451
109501
109510
109512
109513
109514
109515
109516
109517
109518
109519
109521
109531
109541
109551
109561
109571
109581
109591
109615
109651
109715
109751
109815
109851
109915
109951
110059
110095
110259
110295
110359
110395
110459
110495
110509
110529
110539
110549
110559
110569
110579
110589
110590
110592
110593
110594
110595
110596
110597
110598
110599
110659
110695
110759
110795
110859
110895
110905
110925
110935
110945
110950
110952
110953
110954
110955
110956
110957
110958
110959
110965
110975
110985
110995
112059
112095
112259
112295
112359
112395
112459
112495
112509
112529
112539
112549
112559
112569
112579
112589
112590
112592
112593
112594
112595
112596
112597
112598
112599
112659
112695
112759
112795
112859
112895
112905
112925
112935
112945
112950
112952
112953
112954
112955
112956
112957
112958
112959
112965
112975
112985
112995
113059
113095
113259
113295
113359
113395
113459
113495
113509
113529
113539
113549
113559
113569
113579
113589
113590
113592
113593
113594
113595
113596
113597
113598
113599
113659
113695
113759
113795
113859
113895
113905
113925
113935
113945
113950
113952
113953
113954
113955
113956
113957
113958
113959
113965
113975
113985
113995
114059
114095
114259
114295
114359
114395
114459
114495
114509
114529
114539
114549
114559
114569
114579
114589
114590
114592
114593
114594
114595
114596
114597
114598
114599
114659
114695
114759
114795
114859
114895
114905
114925
114935
114945
114950
114952
114953
114954
114955
114956
114957
114958
114959
114965
114975
114985
114995
115009
115029
115039
115049
115059
115069
115079
115089
115090
115092
115093
115094
115095
115096
115097
115098
115099
115209
115229
115239
115249
115259
115269
115279
115289
115290
115292
115293
115294
115295
115296
115297
115298
115299
115309
115329
115339
115349
115359
115369
115379
115389
115390
115392
115393
115394
115395
115396
115397
115398
115399
115409
115429
115439
115449
115459
115469
115479
115489
115490
115492
115493
115494
115495
115496
115497
115498
115499
115509
115529
115539
115549
115559
115569
115579
115589
115590
115592
115593
115594
115595
115596
115597
115598
115599
115609
115629
115639
115649
115659
115669
115679
115689
115690
115692
115693
115694
115695
115696
115697
115698
115699
115709
115729
115739
115749
115759
115769
115779
115789
115790
115792
115793
115794
115795
115796
115797
115798
115799
115809
115829
115839
115849
115859
115869
115879
115889
115890
115892
115893
115894
115895
115896
115897
115898
115899
115900
115902
115903
115904
115905
115906
115907
115908
115909
115920
115922
115923
115924
115925
115926
115927
115928
115929
115930
115932
115933
115934
115935
115936
115937
115938
115939
115940
115942
115943
115944
115945
115946
115947
115948
115949
115950
115952
115953
115954
115955
115956
115957
115958
115959
115960
115962
115963
115964
115965
115966
115967
115968
115969
115970
115972
115973
115974
115975
115976
115977
115978
115979
115980
115982
115983
115984
115985
115986
115987
115988
115989
115990
115992
115993
115994
115995
115996
115997
115998
115999
116059
116095
116259
116295
116359
116395
116459
116495
116509
116529
116539
116549
116559
116569
116579
116589
116590
116592
116593
116594
116595
116596
116597
116598
116599
116659
116695
116759
116795
116859
116895
116905
116925
116935
116945
116950
116952
116953
116954
116955
116956
116957
116958
116959
116965
116975
116985
116995
117059
117095
117259
117295
117359
117395
117459
117495
117509
117529
117539
117549
117559
117569
117579
117589
117590
117592
117593
117594
117595
117596
117597
117598
117599
117659
117695
117759
117795
117859
117895
117905
117925
117935
117945
117950
117952
117953
117954
117955
117956
117957
117958
117959
117965
117975
117985
117995
118059
118095
118259
118295
118359
118395
118459
118495
118509
118529
118539
118549
118559
118569
118579
118589
118590
118592
118593
118594
118595
118596
118597
118598
118599
118659
118695
118759
118795
118859
118895
118905
118925
118935
118945
118950
118952
118953
118954
118955
118956
118957
118958
118959
118965
118975
118985
118995
119005
119025
119035
119045
119050
119052
119053
119054
119055
119056
119057
119058
119059
119065
119075
119085
119095
119205
119225
119235
119245
119250
119252
119253
119254
119255
119256
119257
119258
119259
119265
119275
119285
119295
119305
119325
119335
119345
119350
119352
119353
119354
119355
119356
119357
119358
119359
119365
119375
119385
119395
119405
119425
119435
119445
119450
119452
119453
119454
119455
119456
119457
119458
119459
119465
119475
119485
119495
119500
119502
119503
119504
119505
119506
119507
119508
119509
119520
119522
119523
119524
119525
119526
119527
119528
119529
119530
119532
119533
119534
119535
119536
119537
119538
119539
119540
119542
119543
119544
119545
119546
119547
119548
119549
119550
119552
119553
119554
119555
119556
119557
119558
119559
119560
119562
119563
119564
119565
119566
119567
119568
119569
119570
119572
119573
119574
119575
119576
119577
119578
119579
119580
119582
119583
119584
119585
119586
119587
119588
119589
119590
119592
119593
119594
119595
119596
119597
119598
119599
119605
119625
119635
119645
119650
119652
119653
119654
119655
119656
119657
119658
119659
119665
119675
119685
119695
119705
119725
119735
119745
119750
119752
119753
119754
119755
119756
119757
119758
119759
119765
119775
119785
119795
119805
119825
119835
119845
119850
119852
119853
119854
119855
119856
119857
119858
119859
119865
119875
119885
119895
119905
119925
119935
119945
119950
119952
119953
119954
119955
119956
119957
119958
119959
119965
119975
119985
119995
120159
120195
120519
120591
120915
120951
121059
121095
121259
121295
121359
121395
121459
121495
121509
121529
121539
121549
121559
121569
121579
121589
121590
121592
121593
121594
121595
121596
121597
121598
121599
121659
121695
121759
121795
121859
121895
121905
121925
121935
121945
121950
121952
121953
121954
121955
121956
121957
121958
121959
121965
121975
121985
121995
122159
122195
122519
122591
122915
122951
123159
123195
123519
123591
123915
123951
124159
124195
124519
124591
124915
124951
125019
125091
125109
125129
125139
125149
125159
125169
125179
125189
125190
125192
125193
125194
125195
125196
125197
125198
125199
125219
125291
125319
125391
125419
125491
125519
125591
125619
125691
125719
125791
125819
125891
125901
125910
125912
125913
125914
125915
125916
125917
125918
125919
125921
125931
125941
125951
125961
125971
125981
125991
126159
126195
126519
126591
126915
126951
127159
127195
127519
127591
127915
127951
128159
128195
128519
128591
128915
128951
129015
129051
129105
129125
129135
129145
129150
129152
129153
129154
129155
129156
129157
129158
129159
129165
129175
129185
129195
129215
129251
129315
129351
129415
129451
129501
129510
129512
129513
129514
129515
129516
129517
129518
129519
129521
129531
129541
129551
129561
129571
129581
129591
129615
129651
129715
129751
129815
129851
129915
129951
130159
130195
130519
130591
130915
130951
131059
131095
131259
131295
131359
131395
131459
131495
131509
131529
131539
131549
131559
131569
131579
131589
131590
131592
131593
131594
131595
131596
131597
131598
131599
131659
131695
131759
131795
131859
131895
131905
131925
131935
131945
131950
131952
131953
131954
131955
131956
131957
131958
131959
131965
131975
131985
131995
132159
132195
132519
132591
132915
132951
133159
133195
133519
133591
133915
133951
134159
134195
134519
134591
134915
134951
135019
135091
135109
135129
135139
135149
135159
135169
135179
135189
135190
135192
135193
135194
135195
135196
135197
135198
135199
135219
135291
135319
135391
135419
135491
135519
135591
135619
135691
135719
135791
135819
135891
135901
135910
135912
135913
135914
135915
135916
135917
135918
135919
135921
135931
135941
135951
135961
135971
135981
135991
136159
136195
136519
136591
136915
136951
137159
137195
137519
137591
137915
137951
138159
138195
138519
138591
138915
138951
139015
139051
139105
139125
139135
139145
139150
139152
139153
139154
139155
139156
139157
139158
139159
139165
139175
139185
139195
139215
139251
139315
139351
139415
139451
139501
139510
139512
139513
139514
139515
139516
139517
139518
139519
139521
139531
139541
139551
139561
139571
139581
139591
139615
139651
139715
139751
139815
139851
139915
139951
140159
140195
140519
140591
140915
140951
141059
141095
141259
141295
141359
141395
141459
141495
141509
141529
141539
141549
141559
141569
141579
141589
141590
141592
141593
141594
141595
141596
141597
141598
141599
141659
141695
141759
141795
141859
141895
141905
141925
141935
141945
141950
141952
141953
141954
141955
141956
141957
141958
141959
141965
141975
141985
141995
142159
142195
142519
142591
142915
142951
143159
143195
143519
143591
143915
143951
144159
144195
144519
144591
144915
144951
145019
145091
145109
145129
145139
145149
145159
145169
145179
145189
145190
145192
145193
145194
145195
145196
145197
145198
145199
145219
145291
145319
145391
145419
145491
145519
145591
145619
145691
145719
145791
145819
145891
145901
145910
145912
145913
145914
145915
145916
145917
145918
145919
145921
145931
145941
145951
145961
145971
145981
145991
146159
146195
146519
146591
146915
146951
147159
147195
147519
147591
147915
147951
148159
148195
148519
148591
148915
148951
149015
149051
149105
149125
149135
149145
149150
149152
149153
149154
149155
149156
149157
149158
149159
149165
149175
149185
149195
149215
149251
149315
149351
149415
149451
149501
149510
149512
149513
149514
149515
149516
149517
149518
149519
149521
149531
149541
149551
149561
149571
149581
149591
149615
149651
149715
149751
149815
149851
149915
149951
150019
150091
150109
150129
150139
150149
150159
150169
150179
150189
150190
150192
150193
150194
150195
150196
150197
150198
150199
150219
150291
150319
150391
150419
150491
150519
150591
150619
150691
150719
150791
150819
150891
150901
150910
150912
150913
150914
150915
150916
150917
150918
150919
150921
150931
150941
150951
150961
150971
150981
150991
151009
151029
151039
151049
151059
151069
151079
151089
151090
151092
151093
151094
151095
151096
151097
151098
151099
151209
151229
151239
151249
151259
151269
151279
151289
151290
151292
151293
151294
151295
151296
151297
151298
151299
151309
151329
151339
151349
151359
151369
151379
151389
151390
151392
151393
151394
151395
151396
151397
151398
151399
151409
151429
151439
151449
151459
151469
151479
151489
151490
151492
151493
151494
151495
151496
151497
151498
151499
151509
151529
151539
151549
151559
151569
151579
151589
151590
151592
151593
151594
151595
151596
151597
151598
151599
151609
151629
151639
151649
151659
151669
151679
151689
151690
151692
151693
151694
151695
151696
151697
151698
151699
151709
151729
151739
151749
151759
151769
151779
151789
151790
151792
151793
151794
151795
151796
151797
151798
151799
151809
151829
151839
151849
151859
151869
151879
151889
151890
151892
151893
151894
151895
151896
151897
151898
151899
151900
151902
151903
151904
151905
151906
151907
151908
151909
151920
151922
151923
151924
151925
151926
151927
151928
151929
151930
151932
151933
151934
151935
151936
151937
151938
151939
151940
151942
151943
151944
151945
151946
151947
151948
151949
151950
151952
151953
151954
151955
151956
151957
151958
151959
151960
151962
151963
151964
151965
151966
151967
151968
151969
151970
151972
151973
151974
151975
151976
151977
151978
151979
151980
151982
151983
151984
151985
151986
151987
151988
151989
151990
151992
151993
151994
151995
151996
151997
151998
151999
152019
152091
152109
152129
152139
152149
152159
152169
152179
152189
152190
152192
152193
152194
152195
152196
152197
152198
152199
152219
152291
152319
152391
152419
152491
152519
152591
152619
152691
152719
152791
152819
152891
152901
152910
152912
152913
152914
152915
152916
152917
152918
152919
152921
152931
152941
152951
152961
152971
152981
152991
153019
153091
153109
153129
153139
153149
153159
153169
153179
153189
153190
153192
153193
153194
153195
153196
153197
153198
153199
153219
153291
153319
153391
153419
153491
153519
153591
153619
153691
153719
153791
153819
153891
153901
153910
153912
153913
153914
153915
153916
153917
153918
153919
153921
153931
153941
153951
153961
153971
153981
153991
154019
154091
154109
154129
154139
154149
154159
154169
154179
154189
154190
154192
154193
154194
154195
154196
154197
154198
154199
154219
154291
154319
154391
154419
154491
154519
154591
154619
154691
154719
154791
154819
154891
154901
154910
154912
154913
154914
154915
154916
154917
154918
154919
154921
154931
154941
154951
154961
154971
154981
154991
155019
155091
155109
155129
155139
155149
155159
155169
155179
155189
155190
155192
155193
155194
155195
155196
155197
155198
155199
155219
155291
155319
155391
155419
155491
155519
155591
155619
155691
155719
155791
155819
155891
155901
155910
155912
155913
155914
155915
155916
155917
155918
155919
155921
155931
155941
155951
155961
155971
155981
155991
156019
156091
156109
156129
156139
156149
156159
156169
156179
156189
156190
156192
156193
156194
156195
156196
156197
156198
156199
156219
156291
156319
156391
156419
156491
156519
156591
156619
156691
156719
156791
156819
156891
156901
156910
156912
156913
156914
156915
156916
156917
156918
156919
156921
156931
156941
156951
156961
156971
156981
156991
157019
157091
157109
157129
157139
157149
157159
157169
157179
157189
157190
157192
157193
157194
157195
157196
157197
157198
157199
157219
157291
157319
157391
157419
157491
157519
157591
157619
157691
157719
157791
157819
157891
157901
157910
157912
157913
157914
157915
157916
157917
157918
157919
157921
157931
157941
157951
157961
157971
157981
157991
158019
158091
158109
158129
158139
158149
158159
158169
158179
158189
158190
158192
158193
158194
158195
158196
158197
158198
158199
158219
158291
158319
158391
158419
158491
158519
158591
158619
158691
158719
158791
158819
158891
158901
158910
158912
158913
158914
158915
158916
158917
158918
158919
158921
158931
158941
158951
158961
158971
158981
158991
159001
159010
159012
159013
159014
159015
159016
159017
159018
159019
159021
159031
159041
159051
159061
159071
159081
159091
159100
159102
159103
159104
159105
159106
159107
159108
159109
159120
159122
159123
159124
159125
159126
159127
159128
159129
159130
159132
159133
159134
159135
159136
159137
159138
159139
159140
159142
159143
159144
159145
159146
159147
159148
159149
159150
159152
159153
159154
159155
159156
159157
159158
159159
159160
159162
159163
159164
159165
159166
159167
159168
159169
159170
159172
159173
159174
159175
159176
159177
159178
159179
159180
159182
159183
159184
159185
159186
159187
159188
159189
159190
159192
159193
159194
159195
159196
159197
159198
159199
159201
159210
159212
159213
159214
159215
159216
159217
159218
159219
159221
159231
159241
159251
159261
159271
159281
159291
159301
159310
159312
159313
159314
159315
159316
159317
159318
159319
159321
159331
159341
159351
159361
159371
159381
159391
159401
159410
159412
159413
159414
159415
159416
159417
159418
159419
159421
159431
159441
159451
159461
159471
159481
159491
159501
159510
159512
159513
159514
159515
159516
159517
159518
159519
159521
159531
159541
159551
159561
159571
159581
159591
159601
159610
159612
159613
159614
159615
159616
159617
159618
159619
159621
159631
159641
159651
159661
159671
159681
159691
159701
159710
159712
159713
159714
159715
159716
159717
159718
159719
159721
159731
159741
159751
159761
159771
159781
159791
159801
159810
159812
159813
159814
159815
159816
159817
159818
159819
159821
159831
159841
159851
159861
159871
159881
159891
159901
159910
159912
159913
159914
159915
159916
159917
159918
159919
159921
159931
159941
159951
159961
159971
159981
159991
160159
160195
160519
160591
160915
160951
161059
161095
161259
161295
161359
161395
161459
161495
161509
161529
161539
161549
161559
161569
161579
161589
161590
161592
161593
161594
161595
161596
161597
161598
161599
161659
161695
161759
161795
161859
161895
161905
161925
161935
161945
161950
161952
161953
161954
161955
161956
161957
161958
161959
161965
161975
161985
161995
162159
162195
162519
162591
162915
162951
163159
163195
163519
163591
163915
163951
164159
164195
164519
164591
164915
164951
165019
165091
165109
165129
165139
165149
165159
165169
165179
165189
165190
165192
165193
165194
165195
165196
165197
165198
165199
165219
165291
165319
165391
165419
165491
165519
165591
165619
165691
165719
165791
165819
165891
165901
165910
165912
165913
165914
165915
165916
165917
165918
165919
165921
165931
165941
165951
165961
165971
165981
165991
166159
166195
166519
166591
166915
166951
167159
167195
167519
167591
167915
167951
168159
168195
168519
168591
168915
168951
169015
169051
169105
169125
169135
169145
169150
169152
169153
169154
169155
169156
169157
169158
169159
169165
169175
169185
169195
169215
169251
169315
169351
169415
169451
169501
169510
169512
169513
169514
169515
169516
169517
169518
169519
169521
169531
169541
169551
169561
169571
169581
169591
169615
169651
169715
169751
169815
169851
169915
169951
170159
170195
170519
170591
170915
170951
171059
171095
171259
171295
171359
171395
171459
171495
171509
171529
171539
171549
171559
171569
171579
171589
171590
171592
171593
171594
171595
171596
171597
171598
171599
171659
171695
171759
171795
171859
171895
171905
171925
171935
171945
171950
171952
171953
171954
171955
171956
171957
171958
171959
171965
171975
171985
171995
172159
172195
172519
172591
172915
172951
173159
173195
173519
173591
173915
173951
174159
174195
174519
174591
174915
174951
175019
175091
175109
175129
175139
175149
175159
175169
175179
175189
175190
175192
175193
175194
175195
175196
175197
175198
175199
175219
175291
175319
175391
175419
175491
175519
175591
175619
175691
175719
175791
175819
175891
175901
175910
175912
175913
175914
175915
175916
175917
175918
175919
175921
175931
175941
175951
175961
175971
175981
175991
176159
176195
176519
176591
176915
176951
177159
177195
177519
177591
177915
177951
178159
178195
178519
178591
178915
178951
179015
179051
179105
179125
179135
179145
179150
179152
179153
179154
179155
179156
179157
179158
179159
179165
179175
179185
179195
179215
179251
179315
179351
179415
179451
179501
179510
179512
179513
179514
179515
179516
179517
179518
179519
179521
179531
179541
179551
179561
179571
179581
179591
179615
179651
179715
179751
179815
179851
179915
179951
180159
180195
180519
180591
180915
180951
181059
181095
181259
181295
181359
181395
181459
181495
181509
181529
181539
181549
181559
181569
181579
181589
181590
181592
181593
181594
181595
181596
181597
181598
181599
181659
181695
181759
181795
181859
181895
181905
181925
181935
181945
181950
181952
181953
181954
181955
181956
181957
181958
181959
181965
181975
181985
181995
182159
182195
182519
182591
182915
182951
183159
183195
183519
183591
183915
183951
184159
184195
184519
184591
184915
184951
185019
185091
185109
185129
185139
185149
185159
185169
185179
185189
185190
185192
185193
185194
185195
185196
185197
185198
185199
185219
185291
185319
185391
185419
185491
185519
185591
185619
185691
185719
185791
185819
185891
185901
185910
185912
185913
185914
185915
185916
185917
185918
185919
185921
185931
185941
185951
185961
185971
185981
185991
186159
186195
186519
186591
186915
186951
187159
187195
187519
187591
187915
187951
188159
188195
188519
188591
188915
188951
189015
189051
189105
189125
189135
189145
189150
189152
189153
189154
189155
189156
189157
189158
189159
189165
189175
189185
189195
189215
189251
189315
189351
189415
189451
189501
189510
189512
189513
189514
189515
189516
189517
189518
189519
189521
189531
189541
189551
189561
189571
189581
189591
189615
189651
189715
189751
189815
189851
189915
189951
190015
190051
190105
190125
190135
190145
190150
190152
190153
190154
190155
190156
190157
190158
190159
190165
190175
190185
190195
190215
190251
190315
190351
190415
190451
190501
190510
190512
190513
190514
190515
190516
190517
190518
190519
190521
190531
190541
190551
190561
190571
190581
190591
190615
190651
190715
190751
190815
190851
190915
190951
191005
191025
191035
191045
191050
191052
191053
191054
191055
191056
191057
191058
191059
191065
191075
191085
191095
191205
191225
191235
191245
191250
191252
191253
191254
191255
191256
191257
191258
191259
191265
191275
191285
191295
191305
191325
191335
191345
191350
191352
191353
191354
191355
191356
191357
191358
191359
191365
191375
191385
191395
191405
191425
191435
191445
191450
191452
191453
191454
191455
191456
191457
191458
191459
191465
191475
191485
191495
191500
191502
191503
191504
191505
191506
191507
191508
191509
191520
191522
191523
191524
191525
191526
191527
191528
191529
191530
191532
191533
191534
191535
191536
191537
191538
191539
191540
191542
191543
191544
191545
191546
191547
191548
191549
191550
191552
191553
191554
191555
191556
191557
191558
191559
191560
191562
191563
191564
191565
191566
191567
191568
191569
191570
191572
191573
191574
191575
191576
191577
191578
191579
191580
191582
191583
191584
191585
191586
191587
191588
191589
191590
191592
191593
191594
191595
191596
191597
191598
191599
191605
191625
191635
191645
191650
191652
191653
191654
191655
191656
191657
191658
191659
191665
191675
191685
191695
191705
191725
191735
191745
191750
191752
191753
191754
191755
191756
191757
191758
191759
191765
191775
191785
191795
191805
191825
191835
191845
191850
191852
191853
191854
191855
191856
191857
191858
191859
191865
191875
191885
191895
191905
191925
191935
191945
191950
191952
191953
191954
191955
191956
191957
191958
191959
191965
191975
191985
191995
192015
192051
192105
192125
192135
192145
192150
192152
192153
192154
192155
192156
192157
192158
192159
192165
192175
192185
192195
192215
192251
192315
192351
192415
192451
192501
192510
192512
192513
192514
192515
192516
192517
192518
192519
192521
192531
192541
192551
192561
192571
192581
192591
192615
192651
192715
192751
192815
192851
192915
192951
193015
193051
193105
193125
193135
193145
193150
193152
193153
193154
193155
193156
193157
193158
193159
193165
193175
193185
193195
193215
193251
193315
193351
193415
193451
193501
193510
193512
193513
193514
193515
193516
193517
193518
193519
193521
193531
193541
193551
193561
193571
193581
193591
193615
193651
193715
193751
193815
193851
193915
193951
194015
194051
194105
194125
194135
194145
194150
194152
194153
194154
194155
194156
194157
194158
194159
194165
194175
194185
194195
194215
194251
194315
194351
194415
194451
194501
194510
194512
194513
194514
194515
194516
194517
194518
194519
194521
194531
194541
194551
194561
194571
194581
194591
194615
194651
194715
194751
194815
194851
194915
194951
195001
195010
195012
195013
195014
195015
195016
195017
195018
195019
195021
195031
195041
195051
195061
195071
195081
195091
195100
195102
195103
195104
195105
195106
195107
195108
195109
195120
195122
195123
195124
195125
195126
195127
195128
195129
195130
195132
195133
195134
195135
195136
195137
195138
195139
195140
195142
195143
195144
195145
195146
195147
195148
195149
195150
195152
195153
195154
195155
195156
195157
195158
195159
195160
195162
195163
195164
195165
195166
195167
195168
195169
195170
195172
195173
195174
195175
195176
195177
195178
195179
195180
195182
195183
195184
195185
195186
195187
195188
195189
195190
195192
195193
195194
195195
195196
195197
195198
195199
195201
195210
195212
195213
195214
195215
195216
195217
195218
195219
195221
195231
195241
195251
195261
195271
195281
195291
195301
195310
195312
195313
195314
195315
195316
195317
195318
195319
195321
195331
195341
195351
195361
195371
195381
195391
195401
195410
195412
195413
195414
195415
195416
195417
195418
195419
195421
195431
195441
195451
195461
195471
195481
195491
195501
195510
195512
195513
195514
195515
195516
195517
195518
195519
195521
195531
195541
195551
195561
195571
195581
195591
195601
195610
195612
195613
195614
195615
195616
195617
195618
195619
195621
195631
195641
195651
195661
195671
195681
195691
195701
195710
195712
195713
195714
195715
195716
195717
195718
195719
195721
195731
195741
195751
195761
195771
195781
195791
195801
195810
195812
195813
195814
195815
195816
195817
195818
195819
195821
195831
195841
195851
195861
195871
195881
195891
195901
195910
195912
195913
195914
195915
195916
195917
195918
195919
195921
195931
195941
195951
195961
195971
195981
195991
196015
196051
196105
196125
196135
196145
196150
196152
196153
196154
196155
196156
196157
196158
196159
196165
196175
196185
196195
196215
196251
196315
196351
196415
196451
196501
196510
196512
196513
196514
196515
196516
196517
196518
196519
196521
196531
196541
196551
196561
196571
196581
196591
196615
196651
196715
196751
196815
196851
196915
196951
197015
197051
197105
197125
197135
197145
197150
197152
197153
197154
197155
197156
197157
197158
197159
197165
197175
197185
197195
197215
197251
197315
197351
197415
197451
197501
197510
197512
197513
197514
197515
197516
197517
197518
197519
197521
197531
197541
197551
197561
197571
197581
197591
197615
197651
197715
197751
197815
197851
197915
197951
198015
198051
198105
198125
198135
198145
198150
198152
198153
198154
198155
198156
198157
198158
198159
198165
198175
198185
198195
198215
198251
198315
198351
198415
198451
198501
198510
198512
198513
198514
198515
198516
198517
198518
198519
198521
198531
198541
198551
198561
198571
198581
198591
198615
198651
198715
198751
198815
198851
198915
198951
199015
199051
199105
199125
199135
199145
199150
199152
199153
199154
199155
199156
199157
199158
199159
199165
199175
199185
199195
199215
199251
199315
199351
199415
199451
199501
199510
199512
199513
199514
199515
199516
199517
199518
199519
199521
199531
199541
199551
199561
199571
199581
199591
199615
199651
199715
199751
199815
199851
199915
199951
201159
201195
201519
201591
201915
201951
205119
205191
205911
209115
209151
209511
210159
210195
210519
210591
210915
210951
211059
211095
211259
211295
211359
211395
211459
211495
211509
211529
211539
211549
211559
211569
211579
211589
211590
211592
211593
211594
211595
211596
211597
211598
211599
211659
211695
211759
211795
211859
211895
211905
211925
211935
211945
211950
211952
211953
211954
211955
211956
211957
211958
211959
211965
211975
211985
211995
212159
212195
212519
212591
212915
212951
213159
213195
213519
213591
213915
213951
214159
214195
214519
214591
214915
214951
215019
215091
215109
215129
215139
215149
215159
215169
215179
215189
215190
215192
215193
215194
215195
215196
215197
215198
215199
215219
215291
215319
215391
215419
215491
215519
215591
215619
215691
215719
215791
215819
215891
215901
215910
215912
215913
215914
215915
215916
215917
215918
215919
215921
215931
215941
215951
215961
215971
215981
215991
216159
216195
216519
216591
216915
216951
217159
217195
217519
217591
217915
217951
218159
218195
218519
218591
218915
218951
219015
219051
219105
219125
219135
219145
219150
219152
219153
219154
219155
219156
219157
219158
219159
219165
219175
219185
219195
219215
219251
219315
219351
219415
219451
219501
219510
219512
219513
219514
219515
219516
219517
219518
219519
219521
219531
219541
219551
219561
219571
219581
219591
219615
219651
219715
219751
219815
219851
219915
219951
221159
221195
221519
221591
221915
221951
225119
225191
225911
229115
229151
229511
231159
231195
231519
231591
231915
231951
235119
235191
235911
239115
239151
239511
241159
241195
241519
241591
241915
241951
245119
245191
245911
249115
249151
249511
250119
250191
250911
251019
251091
251109
251129
251139
251149
251159
251169
251179
251189
251190
251192
251193
251194
251195
251196
251197
251198
251199
251219
251291
251319
251391
251419
251491
251519
251591
251619
251691
251719
251791
251819
251891
251901
251910
251912
251913
251914
251915
251916
251917
251918
251919
251921
251931
251941
251951
251961
251971
251981
251991
252119
252191
252911
253119
253191
253911
254119
254191
254911
255119
255191
255911
256119
256191
256911
257119
257191
257911
258119
258191
258911
259011
259101
259110
259112
259113
259114
259115
259116
259117
259118
259119
259121
259131
259141
259151
259161
259171
259181
259191
259211
259311
259411
259511
259611
259711
259811
259911
261159
261195
261519
261591
261915
261951
265119
265191
265911
269115
269151
269511
271159
271195
271519
271591
271915
271951
275119
275191
275911
279115
279151
279511
281159
281195
281519
281591
281915
281951
285119
285191
285911
289115
289151
289511
290115
290151
290511
291015
291051
291105
291125
291135
291145
291150
291152
291153
291154
291155
291156
291157
291158
291159
291165
291175
291185
291195
291215
291251
291315
291351
291415
291451
291501
291510
291512
291513
291514
291515
291516
291517
291518
291519
291521
291531
291541
291551
291561
291571
291581
291591
291615
291651
291715
291751
291815
291851
291915
291951
292115
292151
292511
293115
293151
293511
294115
294151
294511
295011
295101
295110
295112
295113
295114
295115
295116
295117
295118
295119
295121
295131
295141
295151
295161
295171
295181
295191
295211
295311
295411
295511
295611
295711
295811
295911
296115
296151
296511
297115
297151
297511
298115
298151
298511
299115
299151
299511
301159
301195
301519
301591
301915
301951
305119
305191
305911
309115
309151
309511
310159
310195
310519
310591
310915
310951
311059
311095
311259
311295
311359
311395
311459
311495
311509
311529
311539
311549
311559
311569
311579
311589
311590
311592
311593
311594
311595
311596
311597
311598
311599
311659
311695
311759
311795
311859
311895
311905
311925
311935
311945
311950
311952
311953
311954
311955
311956
311957
311958
311959
311965
311975
311985
311995
312159
312195
312519
312591
312915
312951
313159
313195
313519
313591
313915
313951
314159
314195
314519
314591
314915
314951
315019
315091
315109
315129
315139
315149
315159
315169
315179
315189
315190
315192
315193
315194
315195
315196
315197
315198
315199
315219
315291
315319
315391
315419
315491
315519
315591
315619
315691
315719
315791
315819
315891
315901
315910
315912
315913
315914
315915
315916
315917
315918
315919
315921
315931
315941
315951
315961
315971
315981
315991
316159
316195
316519
316591
316915
316951
317159
317195
317519
317591
317915
317951
318159
318195
318519
318591
318915
318951
319015
319051
319105
319125
319135
319145
319150
319152
319153
319154
319155
319156
319157
319158
319159
319165
319175
319185
319195
319215
319251
319315
319351
319415
319451
319501
319510
319512
319513
319514
319515
319516
319517
319518
319519
319521
319531
319541
319551
319561
319571
319581
319591
319615
319651
319715
319751
319815
319851
319915
319951
321159
321195
321519
321591
321915
321951
325119
325191
325911
329115
329151
329511
331159
331195
331519
331591
331915
331951
335119
335191
335911
339115
339151
339511
341159
341195
341519
341591
341915
341951
345119
345191
345911
349115
349151
349511
350119
350191
350911
351019
351091
351109
351129
351139
351149
351159
351169
351179
351189
351190
351192
351193
351194
351195
351196
351197
351198
351199
351219
351291
351319
351391
351419
351491
351519
351591
351619
351691
351719
351791
351819
351891
351901
351910
351912
351913
351914
351915
351916
351917
351918
351919
351921
351931
351941
351951
351961
351971
351981
351991
352119
352191
352911
353119
353191
353911
354119
354191
354911
355119
355191
355911
356119
356191
356911
357119
357191
357911
358119
358191
358911
359011
359101
359110
359112
359113
359114
359115
359116
359117
359118
359119
359121
359131
359141
359151
359161
359171
359181
359191
359211
359311
359411
359511
359611
359711
359811
359911
361159
361195
361519
361591
361915
361951
365119
365191
365911
369115
369151
369511
371159
371195
371519
371591
371915
371951
375119
375191
375911
379115
379151
379511
381159
381195
381519
381591
381915
381951
385119
385191
385911
389115
389151
389511
390115
390151
390511
391015
391051
391105
391125
391135
391145
391150
391152
391153
391154
391155
391156
391157
391158
391159
391165
391175
391185
391195
391215
391251
391315
391351
391415
391451
391501
391510
391512
391513
391514
391515
391516
391517
391518
391519
391521
391531
391541
391551
391561
391571
391581
391591
391615
391651
391715
391751
391815
391851
391915
391951
392115
392151
392511
393115
393151
393511
394115
394151
394511
395011
395101
395110
395112
395113
395114
395115
395116
395117
395118
395119
395121
395131
395141
395151
395161
395171
395181
395191
395211
395311
395411
395511
395611
395711
395811
395911
396115
396151
396511
397115
397151
397511
398115
398151
398511
399115
399151
399511
401159
401195
401519
401591
401915
401951
405119
405191
405911
409115
409151
409511
410159
410195
410519
410591
410915
410951
411059
411095
411259
411295
411359
411395
411459
411495
411509
411529
411539
411549
411559
411569
411579
411589
411590
411592
411593
411594
411595
411596
411597
411598
411599
411659
411695
411759
411795
411859
411895
411905
411925
411935
411945
411950
411952
411953
411954
411955
411956
411957
411958
411959
411965
411975
411985
411995
412159
412195
412519
412591
412915
412951
413159
413195
413519
413591
413915
413951
414159
414195
414519
414591
414915
414951
415019
415091
415109
415129
415139
415149
415159
415169
415179
415189
415190
415192
415193
415194
415195
415196
415197
415198
415199
415219
415291
415319
415391
415419
415491
415519
415591
415619
415691
415719
415791
415819
415891
415901
415910
415912
415913
415914
415915
415916
415917
415918
415919
415921
415931
415941
415951
415961
415971
415981
415991
416159
416195
416519
416591
416915
416951
417159
417195
417519
417591
417915
417951
418159
418195
418519
418591
418915
418951
419015
419051
419105
419125
419135
419145
419150
419152
419153
419154
419155
419156
419157
419158
419159
419165
419175
419185
419195
419215
419251
419315
419351
419415
419451
419501
419510
419512
419513
419514
419515
419516
419517
419518
419519
419521
419531
419541
419551
419561
419571
419581
419591
419615
419651
419715
419751
419815
419851
419915
419951
421159
421195
421519
421591
421915
421951
425119
425191
425911
429115
429151
429511
431159
431195
431519
431591
431915
431951
435119
435191
435911
439115
439151
439511
441159
441195
441519
441591
441915
441951
445119
445191
445911
449115
449151
449511
450119
450191
450911
451019
451091
451109
451129
451139
451149
451159
451169
451179
451189
451190
451192
451193
451194
451195
451196
451197
451198
451199
451219
451291
451319
451391
451419
451491
451519
451591
451619
451691
451719
451791
451819
451891
451901
451910
451912
451913
451914
451915
451916
451917
451918
451919
451921
451931
451941
451951
451961
451971
451981
451991
452119
452191
452911
453119
453191
453911
454119
454191
454911
455119
455191
455911
456119
456191
456911
457119
457191
457911
458119
458191
458911
459011
459101
459110
459112
459113
459114
459115
459116
459117
459118
459119
459121
459131
459141
459151
459161
459171
459181
459191
459211
459311
459411
459511
459611
459711
459811
459911
461159
461195
461519
461591
461915
461951
465119
465191
465911
469115
469151
469511
471159
471195
471519
471591
471915
471951
475119
475191
475911
479115
479151
479511
481159
481195
481519
481591
481915
481951
485119
485191
485911
489115
489151
489511
490115
490151
490511
491015
491051
491105
491125
491135
491145
491150
491152
491153
491154
491155
491156
491157
491158
491159
491165
491175
491185
491195
491215
491251
491315
491351
491415
491451
491501
491510
491512
491513
491514
491515
491516
491517
491518
491519
491521
491531
491541
491551
491561
491571
491581
491591
491615
491651
491715
491751
491815
491851
491915
491951
492115
492151
492511
493115
493151
493511
494115
494151
494511
495011
495101
495110
495112
495113
495114
495115
495116
495117
495118
495119
495121
495131
495141
495151
495161
495171
495181
495191
495211
495311
495411
495511
495611
495711
495811
495911
496115
496151
496511
497115
497151
497511
498115
498151
498511
499115
499151
499511
500119
500191
500911
501019
501091
501109
501129
501139
501149
501159
501169
501179
501189
501190
501192
501193
501194
501195
501196
501197
501198
501199
501219
501291
501319
501391
501419
501491
501519
501591
501619
501691
501719
501791
501819
501891
501901
501910
501912
501913
501914
501915
501916
501917
501918
501919
501921
501931
501941
501951
501961
501971
501981
501991
502119
502191
502911
503119
503191
503911
504119
504191
504911
505119
505191
505911
506119
506191
506911
507119
507191
507911
508119
508191
508911
509011
509101
509110
509112
509113
509114
509115
509116
509117
509118
509119
509121
509131
509141
509151
509161
509171
509181
509191
509211
509311
509411
509511
509611
509711
509811
509911
510019
510091
510109
510129
510139
510149
510159
510169
510179
510189
510190
510192
510193
510194
510195
510196
510197
510198
510199
510219
510291
510319
510391
510419
510491
510519
510591
510619
510691
510719
510791
510819
510891
510901
510910
510912
510913
510914
510915
510916
510917
510918
510919
510921
510931
510941
510951
510961
510971
510981
510991
511009
511029
511039
511049
511059
511069
511079
511089
511090
511092
511093
511094
511095
511096
511097
511098
511099
511209
511229
511239
511249
511259
511269
511279
511289
511290
511292
511293
511294
511295
511296
511297
511298
511299
511309
511329
511339
511349
511359
511369
511379
511389
511390
511392
511393
511394
511395
511396
511397
511398
511399
511409
511429
511439
511449
511459
511469
511479
511489
511490
511492
511493
511494
511495
511496
511497
511498
511499
511509
511529
511539
511549
511559
511569
511579
511589
511590
511592
511593
511594
511595
511596
511597
511598
511599
511609
511629
511639
511649
511659
511669
511679
511689
511690
511692
511693
511694
511695
511696
511697
511698
511699
511709
511729
511739
511749
511759
511769
511779
511789
511790
511792
511793
511794
511795
511796
511797
511798
511799
511809
511829
511839
511849
511859
511869
511879
511889
511890
511892
511893
511894
511895
511896
511897
511898
511899
511900
511902
511903
511904
511905
511906
511907
511908
511909
511920
511922
511923
511924
511925
511926
511927
511928
511929
511930
511932
511933
511934
511935
511936
511937
511938
511939
511940
511942
511943
511944
511945
511946
511947
511948
511949
511950
511952
511953
511954
511955
511956
511957
511958
511959
511960
511962
511963
511964
511965
511966
511967
511968
511969
511970
511972
511973
511974
511975
511976
511977
511978
511979
511980
511982
511983
511984
511985
511986
511987
511988
511989
511990
511992
511993
511994
511995
511996
511997
511998
511999
512019
512091
512109
512129
512139
512149
512159
512169
512179
512189
512190
512192
512193
512194
512195
512196
512197
512198
512199
512219
512291
512319
512391
512419
512491
512519
512591
512619
512691
512719
512791
512819
512891
512901
512910
512912
512913
512914
512915
512916
512917
512918
512919
512921
512931
512941
512951
512961
512971
512981
512991
513019
513091
513109
513129
513139
513149
513159
513169
513179
513189
513190
513192
513193
513194
513195
513196
513197
513198
513199
513219
513291
513319
513391
513419
513491
513519
513591
513619
513691
513719
513791
513819
513891
513901
513910
513912
513913
513914
513915
513916
513917
513918
513919
513921
513931
513941
513951
513961
513971
513981
513991
514019
514091
514109
514129
514139
514149
514159
514169
514179
514189
514190
514192
514193
514194
514195
514196
514197
514198
514199
514219
514291
514319
514391
514419
514491
514519
514591
514619
514691
514719
514791
514819
514891
514901
514910
514912
514913
514914
514915
514916
514917
514918
514919
514921
514931
514941
514951
514961
514971
514981
514991
515019
515091
515109
515129
515139
515149
515159
515169
515179
515189
515190
515192
515193
515194
515195
515196
515197
515198
515199
515219
515291
515319
515391
515419
515491
515519
515591
515619
515691
515719
515791
515819
515891
515901
515910
515912
515913
515914
515915
515916
515917
515918
515919
515921
515931
515941
515951
515961
515971
515981
515991
516019
516091
516109
516129
516139
516149
516159
516169
516179
516189
516190
516192
516193
516194
516195
516196
516197
516198
516199
516219
516291
516319
516391
516419
516491
516519
516591
516619
516691
516719
516791
516819
516891
516901
516910
516912
516913
516914
516915
516916
516917
516918
516919
516921
516931
516941
516951
516961
516971
516981
516991
517019
517091
517109
517129
517139
517149
517159
517169
517179
517189
517190
517192
517193
517194
517195
517196
517197
517198
517199
517219
517291
517319
517391
517419
517491
517519
517591
517619
517691
517719
517791
517819
517891
517901
517910
517912
517913
517914
517915
517916
517917
517918
517919
517921
517931
517941
517951
517961
517971
517981
517991
518019
518091
518109
518129
518139
518149
518159
518169
518179
518189
518190
518192
518193
518194
518195
518196
518197
518198
518199
518219
518291
518319
518391
518419
518491
518519
518591
518619
518691
518719
518791
518819
518891
518901
518910
518912
518913
518914
518915
518916
518917
518918
518919
518921
518931
518941
518951
518961
518971
518981
518991
519001
519010
519012
519013
519014
519015
519016
519017
519018
519019
519021
519031
519041
519051
519061
519071
519081
519091
519100
519102
519103
519104
519105
519106
519107
519108
519109
519120
519122
519123
519124
519125
519126
519127
519128
519129
519130
519132
519133
519134
519135
519136
519137
519138
519139
519140
519142
519143
519144
519145
519146
519147
519148
519149
519150
519152
519153
519154
519155
519156
519157
519158
519159
519160
519162
519163
519164
519165
519166
519167
519168
519169
519170
519172
519173
519174
519175
519176
519177
519178
519179
519180
519182
519183
519184
519185
519186
519187
519188
519189
519190
519192
519193
519194
519195
519196
519197
519198
519199
519201
519210
519212
519213
519214
519215
519216
519217
519218
519219
519221
519231
519241
519251
519261
519271
519281
519291
519301
519310
519312
519313
519314
519315
519316
519317
519318
519319
519321
519331
519341
519351
519361
519371
519381
519391
519401
519410
519412
519413
519414
519415
519416
519417
519418
519419
519421
519431
519441
519451
519461
519471
519481
519491
519501
519510
519512
519513
519514
519515
519516
519517
519518
519519
519521
519531
519541
519551
519561
519571
519581
519591
519601
519610
519612
519613
519614
519615
519616
519617
519618
519619
519621
519631
519641
519651
519661
519671
519681
519691
519701
519710
519712
519713
519714
519715
519716
519717
519718
519719
519721
519731
519741
519751
519761
519771
519781
519791
519801
519810
519812
519813
519814
519815
519816
519817
519818
519819
519821
519831
519841
519851
519861
519871
519881
519891
519901
519910
519912
519913
519914
519915
519916
519917
519918
519919
519921
519931
519941
519951
519961
519971
519981
519991
520119
520191
520911
521019
521091
521109
521129
521139
521149
521159
521169
521179
521189
521190
521192
521193
521194
521195
521196
521197
521198
521199
521219
521291
521319
521391
521419
521491
521519
521591
521619
521691
521719
521791
521819
521891
521901
521910
521912
521913
521914
521915
521916
521917
521918
521919
521921
521931
521941
521951
521961
521971
521981
521991
522119
522191
522911
523119
523191
523911
524119
524191
524911
525119
525191
525911
526119
526191
526911
527119
527191
527911
528119
528191
528911
529011
529101
529110
529112
529113
529114
529115
529116
529117
529118
529119
529121
529131
529141
529151
529161
529171
529181
529191
529211
529311
529411
529511
529611
529711
529811
529911
530119
530191
530911
531019
531091
531109
531129
531139
531149
531159
531169
531179
531189
531190
531192
531193
531194
531195
531196
531197
531198
531199
531219
531291
531319
531391
531419
531491
531519
531591
531619
531691
531719
531791
531819
531891
531901
531910
531912
531913
531914
531915
531916
531917
531918
531919
531921
531931
531941
531951
531961
531971
531981
531991
532119
532191
532911
533119
533191
533911
534119
534191
534911
535119
535191
535911
536119
536191
536911
537119
537191
537911
538119
538191
538911
539011
539101
539110
539112
539113
539114
539115
539116
539117
539118
539119
539121
539131
539141
539151
539161
539171
539181
539191
539211
539311
539411
539511
539611
539711
539811
539911
540119
540191
540911
541019
541091
541109
541129
541139
541149
541159
541169
541179
541189
541190
541192
541193
541194
541195
541196
541197
541198
541199
541219
541291
541319
541391
541419
541491
541519
541591
541619
541691
541719
541791
541819
541891
541901
541910
541912
541913
541914
541915
541916
541917
541918
541919
541921
541931
541941
541951
541961
541971
541981
541991
542119
542191
542911
543119
543191
543911
544119
544191
544911
545119
545191
545911
546119
546191
546911
547119
547191
547911
548119
548191
548911
549011
549101
549110
549112
549113
549114
549115
549116
549117
549118
549119
549121
549131
549141
549151
549161
549171
549181
549191
549211
549311
549411
549511
549611
549711
549811
549911
550119
550191
550911
551019
551091
551109
551129
551139
551149
551159
551169
551179
551189
551190
551192
551193
551194
551195
551196
551197
551198
551199
551219
551291
551319
551391
551419
551491
551519
551591
551619
551691
551719
551791
551819
551891
551901
551910
551912
551913
551914
551915
551916
551917
551918
551919
551921
551931
551941
551951
551961
551971
551981
551991
552119
552191
552911
553119
553191
553911
554119
554191
554911
555119
555191
555911
556119
556191
556911
557119
557191
557911
558119
558191
558911
559011
559101
559110
559112
559113
559114
559115
559116
559117
559118
559119
559121
559131
559141
559151
559161
559171
559181
559191
559211
559311
559411
559511
559611
559711
559811
559911
560119
560191
560911
561019
561091
561109
561129
561139
561149
561159
561169
561179
561189
561190
561192
561193
561194
561195
561196
561197
561198
561199
561219
561291
561319
561391
561419
561491
561519
561591
561619
561691
561719
561791
561819
561891
561901
561910
561912
561913
561914
561915
561916
561917
561918
561919
561921
561931
561941
561951
561961
561971
561981
561991
562119
562191
562911
563119
563191
563911
564119
564191
564911
565119
565191
565911
566119
566191
566911
567119
567191
567911
568119
568191
568911
569011
569101
569110
569112
569113
569114
569115
569116
569117
569118
569119
569121
569131
569141
569151
569161
569171
569181
569191
569211
569311
569411
569511
569611
569711
569811
569911
570119
570191
570911
571019
571091
571109
571129
571139
571149
571159
571169
571179
571189
571190
571192
571193
571194
571195
571196
571197
571198
571199
571219
571291
571319
571391
571419
571491
571519
571591
571619
571691
571719
571791
571819
571891
571901
571910
571912
571913
571914
571915
571916
571917
571918
571919
571921
571931
571941
571951
571961
571971
571981
571991
572119
572191
572911
573119
573191
573911
574119
574191
574911
575119
575191
575911
576119
576191
576911
577119
577191
577911
578119
578191
578911
579011
579101
579110
579112
579113
579114
579115
579116
579117
579118
579119
579121
579131
579141
579151
579161
579171
579181
579191
579211
579311
579411
579511
579611
579711
579811
579911
580119
580191
580911
581019
581091
581109
581129
581139
581149
581159
581169
581179
581189
581190
581192
581193
581194
581195
581196
581197
581198
581199
581219
581291
581319
581391
581419
581491
581519
581591
581619
581691
581719
581791
581819
581891
581901
581910
581912
581913
581914
581915
581916
581917
581918
581919
581921
581931
581941
581951
581961
581971
581981
581991
582119
582191
582911
583119
583191
583911
584119
584191
584911
585119
585191
585911
586119
586191
586911
587119
587191
587911
588119
588191
588911
589011
589101
589110
589112
589113
589114
589115
589116
589117
589118
589119
589121
589131
589141
589151
589161
589171
589181
589191
589211
589311
589411
589511
589611
589711
589811
589911
590011
590101
590110
590112
590113
590114
590115
590116
590117
590118
590119
590121
590131
590141
590151
590161
590171
590181
590191
590211
590311
590411
590511
590611
590711
590811
590911
591001
591010
591012
591013
591014
591015
591016
591017
591018
591019
591021
591031
591041
591051
591061
591071
591081
591091
591100
591102
591103
591104
591105
591106
591107
591108
591109
591120
591122
591123
591124
591125
591126
591127
591128
591129
591130
591132
591133
591134
591135
591136
591137
591138
591139
591140
591142
591143
591144
591145
591146
591147
591148
591149
591150
591152
591153
591154
591155
591156
591157
591158
591159
591160
591162
591163
591164
591165
591166
591167
591168
591169
591170
591172
591173
591174
591175
591176
591177
591178
591179
591180
591182
591183
591184
591185
591186
591187
591188
591189
591190
591192
591193
591194
591195
591196
591197
591198
591199
591201
591210
591212
591213
591214
591215
591216
591217
591218
591219
591221
591231
591241
591251
591261
591271
591281
591291
591301
591310
591312
591313
591314
591315
591316
591317
591318
591319
591321
591331
591341
591351
591361
591371
591381
591391
591401
591410
591412
591413
591414
591415
591416
591417
591418
591419
591421
591431
591441
591451
591461
591471
591481
591491
591501
591510
591512
591513
591514
591515
591516
591517
591518
591519
591521
591531
591541
591551
591561
591571
591581
591591
591601
591610
591612
591613
591614
591615
591616
591617
591618
591619
591621
591631
591641
591651
591661
591671
591681
591691
591701
591710
591712
591713
591714
591715
591716
591717
591718
591719
591721
591731
591741
591751
591761
591771
591781
591791
591801
591810
591812
591813
591814
591815
591816
591817
591818
591819
591821
591831
591841
591851
591861
591871
591881
591891
591901
591910
591912
591913
591914
591915
591916
591917
591918
591919
591921
591931
591941
591951
591961
591971
591981
591991
592011
592101
592110
592112
592113
592114
592115
592116
592117
592118
592119
592121
592131
592141
592151
592161
592171
592181
592191
592211
592311
592411
592511
592611
592711
592811
592911
593011
593101
593110
593112
593113
593114
593115
593116
593117
593118
593119
593121
593131
593141
593151
593161
593171
593181
593191
593211
593311
593411
593511
593611
593711
593811
593911
594011
594101
594110
594112
594113
594114
594115
594116
594117
594118
594119
594121
594131
594141
594151
594161
594171
594181
594191
594211
594311
594411
594511
594611
594711
594811
594911
595011
595101
595110
595112
595113
595114
595115
595116
595117
595118
595119
595121
595131
595141
595151
595161
595171
595181
595191
595211
595311
595411
595511
595611
595711
595811
595911
596011
596101
596110
596112
596113
596114
596115
596116
596117
596118
596119
596121
596131
596141
596151
596161
596171
596181
596191
596211
596311
596411
596511
596611
596711
596811
596911
597011
597101
597110
597112
597113
597114
597115
597116
597117
597118
597119
597121
597131
597141
597151
597161
597171
597181
597191
597211
597311
597411
597511
597611
597711
597811
597911
598011
598101
598110
598112
598113
598114
598115
598116
598117
598118
598119
598121
598131
598141
598151
598161
598171
598181
598191
598211
598311
598411
598511
598611
598711
598811
598911
599011
599101
599110
599112
599113
599114
599115
599116
599117
599118
599119
599121
599131
599141
599151
599161
599171
599181
599191
599211
599311
599411
599511
599611
599711
599811
599911
601159
601195
601519
601591
601915
601951
605119
605191
605911
609115
609151
609511
610159
610195
610519
610591
610915
610951
611059
611095
611259
611295
611359
611395
611459
611495
611509
611529
611539
611549
611559
611569
611579
611589
611590
611592
611593
611594
611595
611596
611597
611598
611599
611659
611695
611759
611795
611859
611895
611905
611925
611935
611945
611950
611952
611953
611954
611955
611956
611957
611958
611959
611965
611975
611985
611995
612159
612195
612519
612591
612915
612951
613159
613195
613519
613591
613915
613951
614159
614195
614519
614591
614915
614951
615019
615091
615109
615129
615139
615149
615159
615169
615179
615189
615190
615192
615193
615194
615195
615196
615197
615198
615199
615219
615291
615319
615391
615419
615491
615519
615591
615619
615691
615719
615791
615819
615891
615901
615910
615912
615913
615914
615915
615916
615917
615918
615919
615921
615931
615941
615951
615961
615971
615981
615991
616159
616195
616519
616591
616915
616951
617159
617195
617519
617591
617915
617951
618159
618195
618519
618591
618915
618951
619015
619051
619105
619125
619135
619145
619150
619152
619153
619154
619155
619156
619157
619158
619159
619165
619175
619185
619195
619215
619251
619315
619351
619415
619451
619501
619510
619512
619513
619514
619515
619516
619517
619518
619519
619521
619531
619541
619551
619561
619571
619581
619591
619615
619651
619715
619751
619815
619851
619915
619951
621159
621195
621519
621591
621915
621951
625119
625191
625911
629115
629151
629511
631159
631195
631519
631591
631915
631951
635119
635191
635911
639115
639151
639511
641159
641195
641519
641591
641915
641951
645119
645191
645911
649115
649151
649511
650119
650191
650911
651019
651091
651109
651129
651139
651149
651159
651169
651179
651189
651190
651192
651193
651194
651195
651196
651197
651198
651199
651219
651291
651319
651391
651419
651491
651519
651591
651619
651691
651719
651791
651819
651891
651901
651910
651912
651913
651914
651915
651916
651917
651918
651919
651921
651931
651941
651951
651961
651971
651981
651991
652119
652191
652911
653119
653191
653911
654119
654191
654911
655119
655191
655911
656119
656191
656911
657119
657191
657911
658119
658191
658911
659011
659101
659110
659112
659113
659114
659115
659116
659117
659118
659119
659121
659131
659141
659151
659161
659171
659181
659191
659211
659311
659411
659511
659611
659711
659811
659911
661159
661195
661519
661591
661915
661951
665119
665191
665911
669115
669151
669511
671159
671195
671519
671591
671915
671951
675119
675191
675911
679115
679151
679511
681159
681195
681519
681591
681915
681951
685119
685191
685911
689115
689151
689511
690115
690151
690511
691015
691051
691105
691125
691135
691145
691150
691152
691153
691154
691155
691156
691157
691158
691159
691165
691175
691185
691195
691215
691251
691315
691351
691415
691451
691501
691510
691512
691513
691514
691515
691516
691517
691518
691519
691521
691531
691541
691551
691561
691571
691581
691591
691615
691651
691715
691751
691815
691851
691915
691951
692115
692151
692511
693115
693151
693511
694115
694151
694511
695011
695101
695110
695112
695113
695114
695115
695116
695117
695118
695119
695121
695131
695141
695151
695161
695171
695181
695191
695211
695311
695411
695511
695611
695711
695811
695911
696115
696151
696511
697115
697151
697511
698115
698151
698511
699115
699151
699511
701159
701195
701519
701591
701915
701951
705119
705191
705911
709115
709151
709511
710159
710195
710519
710591
710915
710951
711059
711095
711259
711295
711359
711395
711459
711495
711509
711529
711539
711549
711559
711569
711579
711589
711590
711592
711593
711594
711595
711596
711597
711598
711599
711659
711695
711759
711795
711859
711895
711905
711925
711935
711945
711950
711952
711953
711954
711955
711956
711957
711958
711959
711965
711975
711985
711995
712159
712195
712519
712591
712915
712951
713159
713195
713519
713591
713915
713951
714159
714195
714519
714591
714915
714951
715019
715091
715109
715129
715139
715149
715159
715169
715179
715189
715190
715192
715193
715194
715195
715196
715197
715198
715199
715219
715291
715319
715391
715419
715491
715519
715591
715619
715691
715719
715791
715819
715891
715901
715910
715912
715913
715914
715915
715916
715917
715918
715919
715921
715931
715941
715951
715961
715971
715981
715991
716159
716195
716519
716591
716915
716951
717159
717195
717519
717591
717915
717951
718159
718195
718519
718591
718915
718951
719015
719051
719105
719125
719135
719145
719150
719152
719153
719154
719155
719156
719157
719158
719159
719165
719175
719185
719195
719215
719251
719315
719351
719415
719451
719501
719510
719512
719513
719514
719515
719516
719517
719518
719519
719521
719531
719541
719551
719561
719571
719581
719591
719615
719651
719715
719751
719815
719851
719915
719951
721159
721195
721519
721591
721915
721951
725119
725191
725911
729115
729151
729511
731159
731195
731519
731591
731915
731951
735119
735191
735911
739115
739151
739511
741159
741195
741519
741591
741915
741951
745119
745191
745911
749115
749151
749511
750119
750191
750911
751019
751091
751109
751129
751139
751149
751159
751169
751179
751189
751190
751192
751193
751194
751195
751196
751197
751198
751199
751219
751291
751319
751391
751419
751491
751519
751591
751619
751691
751719
751791
751819
751891
751901
751910
751912
751913
751914
751915
751916
751917
751918
751919
751921
751931
751941
751951
751961
751971
751981
751991
752119
752191
752911
753119
753191
753911
754119
754191
754911
755119
755191
755911
756119
756191
756911
757119
757191
757911
758119
758191
758911
759011
759101
759110
759112
759113
759114
759115
759116
759117
759118
759119
759121
759131
759141
759151
759161
759171
759181
759191
759211
759311
759411
759511
759611
759711
759811
759911
761159
761195
761519
761591
761915
761951
765119
765191
765911
769115
769151
769511
771159
771195
771519
771591
771915
771951
775119
775191
775911
779115
779151
779511
781159
781195
781519
781591
781915
781951
785119
785191
785911
789115
789151
789511
790115
790151
790511
791015
791051
791105
791125
791135
791145
791150
791152
791153
791154
791155
791156
791157
791158
791159
791165
791175
791185
791195
791215
791251
791315
791351
791415
791451
791501
791510
791512
791513
791514
791515
791516
791517
791518
791519
791521
791531
791541
791551
791561
791571
791581
791591
791615
791651
791715
791751
791815
791851
791915
791951
792115
792151
792511
793115
793151
793511
794115
794151
794511
795011
795101
795110
795112
795113
795114
795115
795116
795117
795118
795119
795121
795131
795141
795151
795161
795171
795181
795191
795211
795311
795411
795511
795611
795711
795811
795911
796115
796151
796511
797115
797151
797511
798115
798151
798511
799115
799151
799511
801159
801195
801519
801591
801915
801951
805119
805191
805911
809115
809151
809511
810159
810195
810519
810591
810915
810951
811059
811095
811259
811295
811359
811395
811459
811495
811509
811529
811539
811549
811559
811569
811579
811589
811590
811592
811593
811594
811595
811596
811597
811598
811599
811659
811695
811759
811795
811859
811895
811905
811925
811935
811945
811950
811952
811953
811954
811955
811956
811957
811958
811959
811965
811975
811985
811995
812159
812195
812519
812591
812915
812951
813159
813195
813519
813591
813915
813951
814159
814195
814519
814591
814915
814951
815019
815091
815109
815129
815139
815149
815159
815169
815179
815189
815190
815192
815193
815194
815195
815196
815197
815198
815199
815219
815291
815319
815391
815419
815491
815519
815591
815619
815691
815719
815791
815819
815891
815901
815910
815912
815913
815914
815915
815916
815917
815918
815919
815921
815931
815941
815951
815961
815971
815981
815991
816159
816195
816519
816591
816915
816951
817159
817195
817519
817591
817915
817951
818159
818195
818519
818591
818915
818951
819015
819051
819105
819125
819135
819145
819150
819152
819153
819154
819155
819156
819157
819158
819159
819165
819175
819185
819195
819215
819251
819315
819351
819415
819451
819501
819510
819512
819513
819514
819515
819516
819517
819518
819519
819521
819531
819541
819551
819561
819571
819581
819591
819615
819651
819715
819751
819815
819851
819915
819951
821159
821195
821519
821591
821915
821951
825119
825191
825911
829115
829151
829511
831159
831195
831519
831591
831915
831951
835119
835191
835911
839115
839151
839511
841159
841195
841519
841591
841915
841951
845119
845191
845911
849115
849151
849511
850119
850191
850911
851019
851091
851109
851129
851139
851149
851159
851169
851179
851189
851190
851192
851193
851194
851195
851196
851197
851198
851199
851219
851291
851319
851391
851419
851491
851519
851591
851619
851691
851719
851791
851819
851891
851901
851910
851912
851913
851914
851915
851916
851917
851918
851919
851921
851931
851941
851951
851961
851971
851981
851991
852119
852191
852911
853119
853191
853911
854119
854191
854911
855119
855191
855911
856119
856191
856911
857119
857191
857911
858119
858191
858911
859011
859101
859110
859112
859113
859114
859115
859116
859117
859118
859119
859121
859131
859141
859151
859161
859171
859181
859191
859211
859311
859411
859511
859611
859711
859811
859911
861159
861195
861519
861591
861915
861951
865119
865191
865911
869115
869151
869511
871159
871195
871519
871591
871915
871951
875119
875191
875911
879115
879151
879511
881159
881195
881519
881591
881915
881951
885119
885191
885911
889115
889151
889511
890115
890151
890511
891015
891051
891105
891125
891135
891145
891150
891152
891153
891154
891155
891156
891157
891158
891159
891165
891175
891185
891195
891215
891251
891315
891351
891415
891451
891501
891510
891512
891513
891514
891515
891516
891517
891518
891519
891521
891531
891541
891551
891561
891571
891581
891591
891615
891651
891715
891751
891815
891851
891915
891951
892115
892151
892511
893115
893151
893511
894115
894151
894511
895011
895101
895110
895112
895113
895114
895115
895116
895117
895118
895119
895121
895131
895141
895151
895161
895171
895181
895191
895211
895311
895411
895511
895611
895711
895811
895911
896115
896151
896511
897115
897151
897511
898115
898151
898511
899115
899151
899511
900115
900151
900511
901015
901051
901105
901125
901135
901145
901150
901152
901153
901154
901155
901156
901157
901158
901159
901165
901175
901185
901195
901215
901251
901315
901351
901415
901451
901501
901510
901512
901513
901514
901515
901516
901517
901518
901519
901521
901531
901541
901551
901561
901571
901581
901591
901615
901651
901715
901751
901815
901851
901915
901951
902115
902151
902511
903115
903151
903511
904115
904151
904511
905011
905101
905110
905112
905113
905114
905115
905116
905117
905118
905119
905121
905131
905141
905151
905161
905171
905181
905191
905211
905311
905411
905511
905611
905711
905811
905911
906115
906151
906511
907115
907151
907511
908115
908151
908511
909115
909151
909511
910015
910051
910105
910125
910135
910145
910150
910152
910153
910154
910155
910156
910157
910158
910159
910165
910175
910185
910195
910215
910251
910315
910351
910415
910451
910501
910510
910512
910513
910514
910515
910516
910517
910518
910519
910521
910531
910541
910551
910561
910571
910581
910591
910615
910651
910715
910751
910815
910851
910915
910951
911005
911025
911035
911045
911050
911052
911053
911054
911055
911056
911057
911058
911059
911065
911075
911085
911095
911205
911225
911235
911245
911250
911252
911253
911254
911255
911256
911257
911258
911259
911265
911275
911285
911295
911305
911325
911335
911345
911350
911352
911353
911354
911355
911356
911357
911358
911359
911365
911375
911385
911395
911405
911425
911435
911445
911450
911452
911453
911454
911455
911456
911457
911458
911459
911465
911475
911485
911495
911500
911502
911503
911504
911505
911506
911507
911508
911509
911520
911522
911523
911524
911525
911526
911527
911528
911529
911530
911532
911533
911534
911535
911536
911537
911538
911539
911540
911542
911543
911544
911545
911546
911547
911548
911549
911550
911552
911553
911554
911555
911556
911557
911558
911559
911560
911562
911563
911564
911565
911566
911567
911568
911569
911570
911572
911573
911574
911575
911576
911577
911578
911579
911580
911582
911583
911584
911585
911586
911587
911588
911589
911590
911592
911593
911594
911595
911596
911597
911598
911599
911605
911625
911635
911645
911650
911652
911653
911654
911655
911656
911657
911658
911659
911665
911675
911685
911695
911705
911725
911735
911745
911750
911752
911753
911754
911755
911756
911757
911758
911759
911765
911775
911785
911795
911805
911825
911835
911845
911850
911852
911853
911854
911855
911856
911857
911858
911859
911865
911875
911885
911895
911905
911925
911935
911945
911950
911952
911953
911954
911955
911956
911957
911958
911959
911965
911975
911985
911995
912015
912051
912105
912125
912135
912145
912150
912152
912153
912154
912155
912156
912157
912158
912159
912165
912175
912185
912195
912215
912251
912315
912351
912415
912451
912501
912510
912512
912513
912514
912515
912516
912517
912518
912519
912521
912531
912541
912551
912561
912571
912581
912591
912615
912651
912715
912751
912815
912851
912915
912951
913015
913051
913105
913125
913135
913145
913150
913152
913153
913154
913155
913156
913157
913158
913159
913165
913175
913185
913195
913215
913251
913315
913351
913415
913451
913501
913510
913512
913513
913514
913515
913516
913517
913518
913519
913521
913531
913541
913551
913561
913571
913581
913591
913615
913651
913715
913751
913815
913851
913915
913951
914015
914051
914105
914125
914135
914145
914150
914152
914153
914154
914155
914156
914157
914158
914159
914165
914175
914185
914195
914215
914251
914315
914351
914415
914451
914501
914510
914512
914513
914514
914515
914516
914517
914518
914519
914521
914531
914541
914551
914561
914571
914581
914591
914615
914651
914715
914751
914815
914851
914915
914951
915001
915010
915012
915013
915014
915015
915016
915017
915018
915019
915021
915031
915041
915051
915061
915071
915081
915091
915100
915102
915103
915104
915105
915106
915107
915108
915109
915120
915122
915123
915124
915125
915126
915127
915128
915129
915130
915132
915133
915134
915135
915136
915137
915138
915139
915140
915142
915143
915144
915145
915146
915147
915148
915149
915150
915152
915153
915154
915155
915156
915157
915158
915159
915160
915162
915163
915164
915165
915166
915167
915168
915169
915170
915172
915173
915174
915175
915176
915177
915178
915179
915180
915182
915183
915184
915185
915186
915187
915188
915189
915190
915192
915193
915194
915195
915196
915197
915198
915199
915201
915210
915212
915213
915214
915215
915216
915217
915218
915219
915221
915231
915241
915251
915261
915271
915281
915291
915301
915310
915312
915313
915314
915315
915316
915317
915318
915319
915321
915331
915341
915351
915361
915371
915381
915391
915401
915410
915412
915413
915414
915415
915416
915417
915418
915419
915421
915431
915441
915451
915461
915471
915481
915491
915501
915510
915512
915513
915514
915515
915516
915517
915518
915519
915521
915531
915541
915551
915561
915571
915581
915591
915601
915610
915612
915613
915614
915615
915616
915617
915618
915619
915621
915631
915641
915651
915661
915671
915681
915691
915701
915710
915712
915713
915714
915715
915716
915717
915718
915719
915721
915731
915741
915751
915761
915771
915781
915791
915801
915810
915812
915813
915814
915815
915816
915817
915818
915819
915821
915831
915841
915851
915861
915871
915881
915891
915901
915910
915912
915913
915914
915915
915916
915917
915918
915919
915921
915931
915941
915951
915961
915971
915981
915991
916015
916051
916105
916125
916135
916145
916150
916152
916153
916154
916155
916156
916157
916158
916159
916165
916175
916185
916195
916215
916251
916315
916351
916415
916451
916501
916510
916512
916513
916514
916515
916516
916517
916518
916519
916521
916531
916541
916551
916561
916571
916581
916591
916615
916651
916715
916751
916815
916851
916915
916951
917015
917051
917105
917125
917135
917145
917150
917152
917153
917154
917155
917156
917157
917158
917159
917165
917175
917185
917195
917215
917251
917315
917351
917415
917451
917501
917510
917512
917513
917514
917515
917516
917517
917518
917519
917521
917531
917541
917551
917561
917571
917581
917591
917615
917651
917715
917751
917815
917851
917915
917951
918015
918051
918105
918125
918135
918145
918150
918152
918153
918154
918155
918156
918157
918158
918159
918165
918175
918185
918195
918215
918251
918315
918351
918415
918451
918501
918510
918512
918513
918514
918515
918516
918517
918518
918519
918521
918531
918541
918551
918561
918571
918581
918591
918615
918651
918715
918751
918815
918851
918915
918951
919015
919051
919105
919125
919135
919145
919150
919152
919153
919154
919155
919156
919157
919158
919159
919165
919175
919185
919195
919215
919251
919315
919351
919415
919451
919501
919510
919512
919513
919514
919515
919516
919517
919518
919519
919521
919531
919541
919551
919561
919571
919581
919591
919615
919651
919715
919751
919815
919851
919915
919951
920115
920151
920511
921015
921051
921105
921125
921135
921145
921150
921152
921153
921154
921155
921156
921157
921158
921159
921165
921175
921185
921195
921215
921251
921315
921351
921415
921451
921501
921510
921512
921513
921514
921515
921516
921517
921518
921519
921521
921531
921541
921551
921561
921571
921581
921591
921615
921651
921715
921751
921815
921851
921915
921951
922115
922151
922511
923115
923151
923511
924115
924151
924511
925011
925101
925110
925112
925113
925114
925115
925116
925117
925118
925119
925121
925131
925141
925151
925161
925171
925181
925191
925211
925311
925411
925511
925611
925711
925811
925911
926115
926151
926511
927115
927151
927511
928115
928151
928511
929115
929151
929511
930115
930151
930511
931015
931051
931105
931125
931135
931145
931150
931152
931153
931154
931155
931156
931157
931158
931159
931165
931175
931185
931195
931215
931251
931315
931351
931415
931451
931501
931510
931512
931513
931514
931515
931516
931517
931518
931519
931521
931531
931541
931551
931561
931571
931581
931591
931615
931651
931715
931751
931815
931851
931915
931951
932115
932151
932511
933115
933151
933511
934115
934151
934511
935011
935101
935110
935112
935113
935114
935115
935116
935117
935118
935119
935121
935131
935141
935151
935161
935171
935181
935191
935211
935311
935411
935511
935611
935711
935811
935911
936115
936151
936511
937115
937151
937511
938115
938151
938511
939115
939151
939511
940115
940151
940511
941015
941051
941105
941125
941135
941145
941150
941152
941153
941154
941155
941156
941157
941158
941159
941165
941175
941185
941195
941215
941251
941315
941351
941415
941451
941501
941510
941512
941513
941514
941515
941516
941517
941518
941519
941521
941531
941541
941551
941561
941571
941581
941591
941615
941651
941715
941751
941815
941851
941915
941951
942115
942151
942511
943115
943151
943511
944115
944151
944511
945011
945101
945110
945112
945113
945114
945115
945116
945117
945118
945119
945121
945131
945141
945151
945161
945171
945181
945191
945211
945311
945411
945511
945611
945711
945811
945911
946115
946151
946511
947115
947151
947511
948115
948151
948511
949115
949151
949511
950011
950101
950110
950112
950113
950114
950115
950116
950117
950118
950119
950121
950131
950141
950151
950161
950171
950181
950191
950211
950311
950411
950511
950611
950711
950811
950911
951001
951010
951012
951013
951014
951015
951016
951017
951018
951019
951021
951031
951041
951051
951061
951071
951081
951091
951100
951102
951103
951104
951105
951106
951107
951108
951109
951120
951122
951123
951124
951125
951126
951127
951128
951129
951130
951132
951133
951134
951135
951136
951137
951138
951139
951140
951142
951143
951144
951145
951146
951147
951148
951149
951150
951152
951153
951154
951155
951156
951157
951158
951159
951160
951162
951163
951164
951165
951166
951167
951168
951169
951170
951172
951173
951174
951175
951176
951177
951178
951179
951180
951182
951183
951184
951185
951186
951187
951188
951189
951190
951192
951193
951194
951195
951196
951197
951198
951199
951201
951210
951212
951213
951214
951215
951216
951217
951218
951219
951221
951231
951241
951251
951261
951271
951281
951291
951301
951310
951312
951313
951314
951315
951316
951317
951318
951319
951321
951331
951341
951351
951361
951371
951381
951391
951401
951410
951412
951413
951414
951415
951416
951417
951418
951419
951421
951431
951441
951451
951461
951471
951481
951491
951501
951510
951512
951513
951514
951515
951516
951517
951518
951519
951521
951531
951541
951551
951561
951571
951581
951591
951601
951610
951612
951613
951614
951615
951616
951617
951618
951619
951621
951631
951641
951651
951661
951671
951681
951691
951701
951710
951712
951713
951714
951715
951716
951717
951718
951719
951721
951731
951741
951751
951761
951771
951781
951791
951801
951810
951812
951813
951814
951815
951816
951817
951818
951819
951821
951831
951841
951851
951861
951871
951881
951891
951901
951910
951912
951913
951914
951915
951916
951917
951918
951919
951921
951931
951941
951951
951961
951971
951981
951991
952011
952101
952110
952112
952113
952114
952115
952116
952117
952118
952119
952121
952131
952141
952151
952161
952171
952181
952191
952211
952311
952411
952511
952611
952711
952811
952911
953011
953101
953110
953112
953113
953114
953115
953116
953117
953118
953119
953121
953131
953141
953151
953161
953171
953181
953191
953211
953311
953411
953511
953611
953711
953811
953911
954011
954101
954110
954112
954113
954114
954115
954116
954117
954118
954119
954121
954131
954141
954151
954161
954171
954181
954191
954211
954311
954411
954511
954611
954711
954811
954911
955011
955101
955110
955112
955113
955114
955115
955116
955117
955118
955119
955121
955131
955141
955151
955161
955171
955181
955191
955211
955311
955411
955511
955611
955711
955811
955911
956011
956101
956110
956112
956113
956114
956115
956116
956117
956118
956119
956121
956131
956141
956151
956161
956171
956181
956191
956211
956311
956411
956511
956611
956711
956811
956911
957011
957101
957110
957112
957113
957114
957115
957116
957117
957118
957119
957121
957131
957141
957151
957161
957171
957181
957191
957211
957311
957411
957511
957611
957711
957811
957911
958011
958101
958110
958112
958113
958114
958115
958116
958117
958118
958119
958121
958131
958141
958151
958161
958171
958181
958191
958211
958311
958411
958511
958611
958711
958811
958911
959011
959101
959110
959112
959113
959114
959115
959116
959117
959118
959119
959121
959131
959141
959151
959161
959171
959181
959191
959211
959311
959411
959511
959611
959711
959811
959911
960115
960151
960511
961015
961051
961105
961125
961135
961145
961150
961152
961153
961154
961155
961156
961157
961158
961159
961165
961175
961185
961195
961215
961251
961315
961351
961415
961451
961501
961510
961512
961513
961514
961515
961516
961517
961518
961519
961521
961531
961541
961551
961561
961571
961581
961591
961615
961651
961715
961751
961815
961851
961915
961951
962115
962151
962511
963115
963151
963511
964115
964151
964511
965011
965101
965110
965112
965113
965114
965115
965116
965117
965118
965119
965121
965131
965141
965151
965161
965171
965181
965191
965211
965311
965411
965511
965611
965711
965811
965911
966115
966151
966511
967115
967151
967511
968115
968151
968511
969115
969151
969511
970115
970151
970511
971015
971051
971105
971125
971135
971145
971150
971152
971153
971154
971155
971156
971157
971158
971159
971165
971175
971185
971195
971215
971251
971315
971351
971415
971451
971501
971510
971512
971513
971514
971515
971516
971517
971518
971519
971521
971531
971541
971551
971561
971571
971581
971591
971615
971651
971715
971751
971815
971851
971915
971951
972115
972151
972511
973115
973151
973511
974115
974151
974511
975011
975101
975110
975112
975113
975114
975115
975116
975117
975118
975119
975121
975131
975141
975151
975161
975171
975181
975191
975211
975311
975411
975511
975611
975711
975811
975911
976115
976151
976511
977115
977151
977511
978115
978151
978511
979115
979151
979511
980115
980151
980511
981015
981051
981105
981125
981135
981145
981150
981152
981153
981154
981155
981156
981157
981158
981159
981165
981175
981185
981195
981215
981251
981315
981351
981415
981451
981501
981510
981512
981513
981514
981515
981516
981517
981518
981519
981521
981531
981541
981551
981561
981571
981581
981591
981615
981651
981715
981751
981815
981851
981915
981951
982115
982151
982511
983115
983151
983511
984115
984151
984511
985011
985101
985110
985112
985113
985114
985115
985116
985117
985118
985119
985121
985131
985141
985151
985161
985171
985181
985191
985211
985311
985411
985511
985611
985711
985811
985911
986115
986151
986511
987115
987151
987511
988115
988151
988511
989115
989151
989511
990115
990151
990511
991015
991051
991105
991125
991135
991145
991150
991152
991153
991154
991155
991156
991157
991158
991159
991165
991175
991185
991195
991215
991251
991315
991351
991415
991451
991501
991510
991512
991513
991514
991515
991516
991517
991518
991519
991521
991531
991541
991551
991561
991571
991581
991591
991615
991651
991715
991751
991815
991851
991915
991951
992115
992151
992511
993115
993151
993511
994115
994151
994511
995011
995101
995110
995112
995113
995114
995115
995116
995117
995118
995119
995121
995131
995141
995151
995161
995171
995181
995191
995211
995311
995411
995511
995611
995711
995811
995911
996115
996151
996511
997115
997151
997511
998115
998151
998511
999115
999151
999511
